70
62
19
14
6
29
24
45
22
22
9
18
23
29
27
20
15
27
23
21
11
11
24
35
51
39
14
22
0
14
0
51
30
34
23
9
22
6
9
11
27
27
39
9
25
9
44
11
9
60
13
21
0
39
61
66
19
41
37
44
32
13
18
29
25
11
6
18
13
11
13
0
19
29
19
34
9
51
31
6
62
48
21
9
11
21
29
42
9
22
6
20
20
18
22
11
18
20
22
21
19
14
19
70
57
26
35
42
0
0
4
41
27
27
11
25
23
21
20
6
14
22
25
42
27
9
36
0
25
46
4
31
11
29
60
24
34
31
41
50
32
13
0
29
9
20
9
22
16
21
18
6
9
29
37
19
19
62
36
0
62
21
19
62
23
21
30
62
9
20
6
22
22
18
22
13
13
20
9
19
16
13
0
62
48
4
21
50
13
34
0
31
21
29
13
31
22
20
9
9
14
22
16
30
29
9
41
14
72
22
37
59
13
29
21
7
14
29
29
30
24
4
14
11
16
20
14
29
25
18
4
0
9
34
30
6
26
62
37
9
